1601660244 0 0 0 1 0 0 0 0
1601662252 1 0 0 1 0 0 0 0
1602186405 1 1 0 1 0 0 0 0
1602186807 1 1 0 1 1 0 0 0
1602187501 2 1 0 1 1 0 0 0
1602258558 3 1 0 1 1 0 0 0
1602259503 4 1 0 1 1 0 0 0
1602260013 5 1 0 1 1 0 0 0
1602270875 5 1 0 1 2 0 0 0
1602271093 6 1 0 1 2 0 0 0
1602271105 7 1 0 1 2 0 0 0
1602275960 8 1 0 1 2 0 0 0
1602277074 9 1 0 1 2 0 0 0
1602279623 10 1 0 1 2 0 0 0
1602358341 11 1 0 1 2 0 0 0
1602358585 11 1 0 2 2 0 0 0
1602358826 12 1 0 2 2 0 0 0
1602364416 13 1 0 2 2 0 0 0
1602364427 14 1 0 2 2 0 0 0
1602365364 15 1 0 2 2 0 0 0
1602366168 15 2 0 2 2 0 0 0
1602366245 15 3 0 2 2 0 0 0
1602367510 15 4 0 2 2 0 0 0
1602367664 15 5 0 2 2 0 0 0
1602411498 16 5 0 2 2 0 0 0
1602411907 17 5 0 2 2 0 0 0
1602411918 18 5 0 2 2 0 0 0
1602412030 18 5 0 3 2 0 0 0
1602668131 19 5 0 3 2 0 0 0
1602668687 19 5 0 3 2 0 1 0
1602944220 19 5 0 3 2 1 1 0
1602949196 20 5 0 3 2 1 1 0
1602949384 21 5 0 3 2 1 1 0
1602949681 21 5 0 4 2 1 1 0
1603132457 21 5 0 4 2 1 2 0
1603132688 21 5 0 4 3 1 2 0
1603302528 22 5 0 4 3 1 2 0
1603302602 23 5 0 4 3 1 2 0
1603304869 23 6 0 4 3 1 2 0
1603351417 23 6 0 4 3 1 3 0
1606420276 23 6 0 4 4 1 3 0
1606421788 23 7 0 4 4 1 3 0
1606422511 24 7 0 4 4 1 3 0
1606422861 25 7 0 4 4 1 3 0
1606422977 26 7 0 4 4 1 3 0
1606423146 27 7 0 4 4 1 3 0
1606423372 27 7 0 4 5 1 3 0
1607185398 27 7 1 4 5 1 3 0
1607193715 28 7 1 4 5 1 3 0
1607193765 29 7 1 4 5 1 3 0
1607194632 30 7 1 4 5 1 3 0
1607194832 30 7 1 5 5 1 3 0
1607198380 30 8 1 5 5 1 3 0
1607203763 30 9 1 5 5 1 3 0
1607252037 31 9 1 5 5 1 3 0
1607252062 32 9 1 5 5 1 3 0
1607252696 33 9 1 5 5 1 3 0
1607252737 33 9 1 6 5 1 3 0
1607257141 33 10 1 6 5 1 3 0
1607257820 33 11 1 6 5 1 3 0
1607272285 34 11 1 6 5 1 3 0
1607272306 35 11 1 6 5 1 3 0
1607272323 36 11 1 6 5 1 3 0
1607272338 37 11 1 6 5 1 3 0
1607274041 37 11 1 7 5 1 3 0
1607276696 38 11 1 7 5 1 3 0
1607280231 39 11 1 7 5 1 3 0
1607281250 39 11 1 7 5 1 4 0
1607281949 40 11 1 7 5 1 4 0
1607282645 40 11 2 7 5 1 4 0
1607283516 40 12 2 7 5 1 4 0
1607284375 40 12 3 7 5 1 4 0
1607285123 40 13 3 7 5 1 4 0
1607285353 40 13 3 7 6 1 4 0
1607288121 40 13 4 7 6 1 4 0
1607292242 40 13 4 7 6 2 4 0
1607292286 40 13 4 7 6 3 4 0
1607292353 40 13 4 7 6 4 4 0
1607292359 40 13 5 7 6 4 4 0
1607292400 40 13 5 7 6 5 4 0
1607292787 40 13 5 7 7 5 4 0
1607293337 40 13 5 7 7 5 5 0
1607293364 40 13 5 7 8 5 5 0
1607293848 40 13 6 7 8 5 5 0
1607293984 40 13 6 8 8 5 5 0
1607294228 41 13 6 8 8 5 5 0
1607294934 42 13 6 8 8 5 5 0
1607295224 42 13 6 8 8 5 6 0
1607295954 42 14 6 8 8 5 6 0
1607296497 42 15 6 8 8 5 6 0
1607297012 42 15 6 8 8 5 6 1
1607297513 42 16 6 8 8 5 6 1
1607297588 42 17 6 8 8 5 6 1
1607298078 42 17 6 8 8 5 6 2
1607298226 42 17 7 8 8 5 6 2
1607299006 42 17 8 8 8 5 6 2
1607300624 42 17 9 8 8 5 6 2
1607300873 42 17 10 8 8 5 6 2
1607302681 42 17 11 8 8 5 6 2
1607302741 42 17 12 8 8 5 6 2
1607303097 42 17 12 8 8 6 6 2
1607303305 42 17 12 8 8 7 6 2
1607309274 42 17 13 8 8 7 6 2
1607329078 42 17 13 8 9 7 6 2
1607333030 42 17 13 8 9 8 6 2
1607333526 42 17 13 8 9 9 6 2
1607333876 42 17 13 8 10 9 6 2
1607339412 43 17 13 8 10 9 6 2
1607339896 43 17 13 9 10 9 6 2
1607342087 43 18 13 9 10 9 6 2
1607342486 43 19 13 9 10 9 6 2
1607342581 43 19 13 9 11 9 6 2
1607343995 43 20 13 9 11 9 6 2
1607345722 43 20 13 9 11 10 6 2
1607345856 43 20 13 9 12 10 6 2
1607346376 43 20 13 9 12 11 6 2
1607346494 43 21 13 9 12 11 6 2
1607346525 43 21 13 9 13 11 6 2
1607346552 44 21 13 9 13 11 6 2
1607346570 45 21 13 9 13 11 6 2
1607346822 45 21 13 10 13 11 6 2
1607347139 45 22 13 10 13 11 6 2
1607347274 45 23 13 10 13 11 6 2
1607352426 45 23 14 10 13 11 6 2
1607352469 45 23 15 10 13 11 6 2
1607357010 45 23 16 10 13 11 6 2
1607357032 45 23 17 10 13 11 6 2
1607357984 45 23 17 11 13 11 6 2
1607358133 45 24 17 11 13 11 6 2
1607358161 45 25 17 11 13 11 6 2
1607358448 45 26 17 11 13 11 6 2
1607358476 46 26 17 11 13 11 6 2
1607358526 46 26 17 11 13 11 7 2
1607358570 47 26 17 11 13 11 7 2
1607358755 47 26 17 11 13 11 8 2
1607359062 47 26 18 11 13 11 8 2
1607359268 47 26 19 11 13 11 8 2
1607359399 47 26 20 11 13 11 8 2
1607359416 47 26 20 11 14 11 8 2
1607359435 47 26 21 11 14 11 8 2
1607359565 47 26 21 11 15 11 8 2
1607360053 48 26 21 11 15 11 8 2
1607360177 48 26 21 12 15 11 8 2
1607361572 48 27 21 12 15 11 8 2
1607361648 48 27 21 12 16 11 8 2
1607364390 48 27 21 12 16 12 8 2
1607364403 48 27 21 12 16 13 8 2
1607364861 48 27 21 13 16 13 8 2
1607365008 48 27 22 13 16 13 8 2
1607365459 48 28 22 13 16 13 8 2
1607365511 48 28 22 14 16 13 8 2
1607366215 48 29 22 14 16 13 8 2
1607366333 48 29 22 14 16 13 8 3
1607367606 48 30 22 14 16 13 8 3
1607367760 48 31 22 14 16 13 8 3
1607368275 48 32 22 14 16 13 8 3
1607368637 48 33 22 14 16 13 8 3
1607370270 48 34 22 14 16 13 8 3
1607375457 48 35 22 14 16 13 8 3
1607376903 48 35 22 14 16 13 8 4
1607379650 48 36 22 14 16 13 8 4
1607380344 48 36 22 14 16 13 9 4
1607385036 48 37 22 14 16 13 9 4
1607385337 48 37 22 14 16 13 10 4
1607385447 48 37 23 14 16 13 10 4
1607385460 48 37 24 14 16 13 10 4
1607387049 48 37 25 14 16 13 10 4
1607388929 48 37 26 14 16 13 10 4
1607389298 48 37 27 14 16 13 10 4
1607389471 48 38 27 14 16 13 10 4
1607389604 48 38 27 14 16 13 11 4
1607389620 48 38 28 14 16 13 11 4
1607389631 48 38 29 14 16 13 11 4
1607392478 48 38 30 14 16 13 11 4
1607392636 48 38 31 14 16 13 11 4
1607396493 48 38 31 15 16 13 11 4
1607432306 48 38 32 15 16 13 11 4
1607432730 48 38 33 15 16 13 11 4
1607432835 48 38 33 15 17 13 11 4
1607433143 48 39 33 15 17 13 11 4
1607433422 48 40 33 15 17 13 11 4
1607435027 48 41 33 15 17 13 11 4
1607435594 48 41 33 15 17 13 12 4
1607435780 48 41 34 15 17 13 12 4
1607435867 48 41 34 16 17 13 12 4
1607437816 49 41 34 16 17 13 12 4
1607437832 50 41 34 16 17 13 12 4
1607446430 50 42 34 16 17 13 12 4
1607447110 50 43 34 16 17 13 12 4
1607447422 50 44 34 16 17 13 12 4
1607448226 50 44 34 17 17 13 12 4
1607448332 50 44 34 17 17 13 13 4
1607448363 50 44 35 17 17 13 13 4
1607448380 50 44 36 17 17 13 13 4
1607450772 50 44 37 17 17 13 13 4
1607451064 50 44 37 18 17 13 13 4
1607456226 50 44 38 18 17 13 13 4
1607458025 50 44 38 18 17 13 13 5
