1601660244 674
1601662252 682
1602186807 877
1602358585 917
1602412030 946
1602668687 946
1602949681 951
1603132688 955
1603351417 955
1606423372 784
1607194832 36269
1607252737 36355
1607274041 38634
1607285353 38798
1607292787 42710
1607293364 42710
1607293984 41622
1607295224 42810
1607297012 42809
1607298078 42846
1607329078 43601
1607333876 43675
1607339896 44225
1607342581 44230
1607343995 44075
1607345856 44119
1607346525 44119
1607346822 42091
1607352426 44627
1607352469 44627
1607357984 44649
1607358526 44661
1607358755 45912
1607359416 45912
1607359565 45912
1607360177 44888
1607361648 44880
1607364861 44927
1607365511 45043
1607366333 45070
1607376903 45073
1607380344 45799
1607385337 45803
1607389604 45803
1607396493 45949
1607432835 45417
1607435594 45301
1607435867 45355
1607448226 45355
1607448332 45343
1607451064 45550
1607458025 45635
